5 4204
10 4341
15 6170
20 6516
25 7883
30 11309
35 12482
40 20643
45 18351
50 19855
55 20496
60 24534
65 25989
70 28731
75 26040
80 28288
85 33332
90 28514
95 30315
100 32187
105 30094
110 30475
115 29871
120 33904
125 35809
130 35695
135 37113
140 41125
145 37697
150 38271
155 43162
160 42760
165 44635
170 40724
175 44360
180 45479
185 51902
190 48340
195 53359
200 49274
205 56508
210 50567
215 52739
220 53506
225 53872
230 52820
235 54005
240 53794
245 57409
250 59227
255 60132
260 58983
265 56227
270 60598
275 62291
280 59822
285 58252
290 62227
295 61555
300 65207
305 72663
310 71087
315 69992
320 70402
325 74717
330 79304
335 73189
340 77616
345 74234
350 80575
355 74015
360 76835
365 84532
370 94487
375 84270
380 78905
385 84405
390 75664
395 78246
400 78665
405 77945
410 79109
415 76466
420 79575
425 77835
430 86979
435 84302
440 87088
445 93263
450 87943
455 95789
460 92499
465 92364
470 96144
475 92437
480 94588
485 107462
490 104817
495 99601
500 97850
505 94614
510 90565
515 90734
520 88645
525 88533
530 92772
535 93222
540 98166
545 97838
550 104048
555 101955
560 106931
565 108390
570 104321
575 103324
580 100082
585 100240
590 105061
595 112704
600 113585
605 116384
610 113374
615 110062
620 114421
625 119389
630 111657
635 113298
640 120149
645 110181
650 113270
655 101343
660 113030
665 108891
670 111832
675 112325
680 119659
685 111334
690 126834
695 130426
700 117803
705 110433
710 115580
715 109847
720 117606
725 115312
730 116455
735 117253
740 120287
745 121600
750 124170
755 128280
760 133925
765 136422
770 130322
775 125097
780 116400
785 123271
790 119037
795 124370
800 121651
805 118123
810 120736
815 117752
820 118727
825 121508
830 128436
835 134618
840 130102
845 134783
850 128639
855 129198
860 125559
865 135799
870 127340
875 139634
880 129921
885 129465
890 127337
895 134632
900 145823
905 149156
910 135420
915 125506
920 125458
925 125166
930 134404
935 137604
940 149283
945 137302
950 142626
955 142374
960 142733
965 142852
970 143916
975 135762
980 135618
985 137605
990 134591
995 126577
1000 131699
1005 137359
1010 135921
1015 147113
1020 139280
1025 142357
1030 136920
1035 144572
1040 150860
1045 151099
1050 148961
1055 141270
1060 143514
1065 153703
1070 154865
1075 153256
1080 155924
1085 147561
1090 142040
1095 142555
1100 153055
1105 166369
1110 150623
1115 146940
1120 144790
1125 161725
1130 168727
1135 154922
1140 149834
1145 139406
1150 140131
1155 143128
1160 152152
1165 147238
1170 136590
1175 155779
1180 166901
1185 162800
1190 153568
1195 152374
1200 161392
1205 150762
1210 163441
1215 163055
1220 156375
1225 163109
1230 162457
1235 168599
1240 152921
1245 163860
1250 160475
1255 149501
1260 165956
1265 157399
1270 167966
1275 175913
1280 160313
1285 153576
1290 150682
1295 160014
1300 147965
1305 157378
1310 151530
1315 167474
1320 170780
1325 173622
1330 180635
1335 164530
1340 169239
1345 174942
1350 172510
1355 176386
1360 164787
1365 172622
1370 170536
1375 157129
1380 176336
1385 155545
1390 170441
1395 179001
1400 178342
1405 179235
1410 167133
1415 166043
1420 157138
1425 165383
1430 163310
1435 167941
1440 166918
1445 174709
1450 183843
1455 171206
1460 168239
1465 178315
1470 186074
1475 164254
1480 186140
1485 201276
1490 173288
1495 169199
1500 186363
1505 170931
1510 171890
1515 181712
1520 187085
1525 174723
1530 191037
1535 173083
1540 165658
1545 170841
1550 171878
1555 179314
1560 183273
1565 200787
1570 193866
1575 176114
1580 188769
1585 186647
1590 179903
1595 194702
1600 203479
1605 185988
1610 181595
1615 176169
1620 176376
1625 185151
1630 190446
1635 193018
1640 189790
1645 182046
1650 179564
1655 179105
1660 187086
1665 188321
1670 190164
1675 218014
1680 189678
1685 194850
1690 195017
1695 194260
1700 208075
1705 202909
1710 200424
1715 189977
1720 189185
1725 175984
1730 200376
1735 199401
1740 192623
1745 187431
1750 188182
1755 189781
1760 186676
1765 212249
1770 188638
1775 223436
1780 210013
1785 207613
1790 195034
1795 206749
1800 206443
1805 202164
1810 191399
1815 202715
1820 191596
1825 190411
1830 199757
1835 211908
1840 197828
1845 192674
1850 191401
1855 189578
1860 185760
1865 187551
1870 213952
1875 208809
1880 216695
1885 203656
1890 198427
1895 201048
1900 205295
1905 196331
1910 196656
1915 201904
1920 202640
1925 218583
1930 213649
1935 201774
1940 190344
1945 188943
1950 198822
1955 202189
1960 235571
1965 235882
1970 223637
1975 208313
1980 198541
1985 208138
1990 216177
1995 195660
2000 204317
2005 228593
2010 211646
2015 226864
2020 216751
2025 209174
2030 198638
2035 201223
2040 225055
2045 205700
2050 245359
2055 224651
2060 220243
2065 206472
2070 230511
2075 220393
2080 212711
2085 212689
2090 214953
2095 216618
2100 220559
2105 213104
2110 202784
2115 209031
2120 216840
2125 227493
2130 235152
2135 236092
2140 228635
2145 214419
2150 219713
2155 222863
2160 229070
2165 208495
2170 228292
2175 233613
2180 226221
2185 220111
2190 209241
2195 219293
2200 220762
2205 234630
2210 237747
2215 242723
2220 241618
2225 241861
2230 231144
2235 240155
2240 226353
2245 224896
2250 249728
2255 240984
2260 248403
2265 223263
2270 229974
2275 239158
2280 234310
2285 255515
2290 241194
2295 256544
2300 239864
2305 225389
2310 239850
2315 228422
2320 229792
2325 235960
2330 242039
2335 230430
2340 230961
2345 223660
2350 240612
2355 252831
2360 252099
2365 255376
2370 250602
2375 238014
2380 238561
2385 251710
2390 241489
2395 230931
2400 236433
2405 241898
2410 232039
2415 231418
2420 225699
2425 251761
2430 246941
2435 251150
2440 245365
2445 249513
2450 248160
2455 241313
2460 250535
2465 247667
2470 243362
2475 258225
2480 257686
2485 245254
2490 258564
2495 261424
2500 281958
2505 254257
2510 267187
2515 266043
2520 249701
2525 267591
2530 252465
2535 243424
2540 252715
2545 265681
2550 260827
2555 257858
2560 242008
2565 259642
2570 251806
2575 256734
2580 276394
2585 241330
2590 251009
2595 247758
2600 251546
2605 245743
2610 268136
2615 256390
2620 243311
2625 239580
2630 245887
2635 262943
2640 255748
2645 272036
2650 251832
2655 268690
2660 256301
2665 250286
2670 245354
2675 266846
2680 249733
2685 248622
2690 258191
2695 273897
2700 266742
2705 263035
2710 275377
2715 268433
2720 270980
2725 247779
2730 249740
2735 249836
2740 279576
2745 263067
2750 262917
2755 263351
2760 274966
2765 266815
2770 282269
2775 306593
2780 268036
2785 265910
2790 259118
2795 275023
2800 266082
2805 285711
2810 264146
2815 256288
2820 269618
2825 266081
2830 282509
2835 294337
2840 296528
2845 269973
2850 268769
2855 265953
2860 279707
2865 278851
2870 280776
2875 267541
2880 284643
2885 268315
2890 293102
2895 304003
2900 293459
2905 282056
2910 280020
2915 275512
2920 293840
2925 294372
2930 285132
2935 255759
2940 275494
2945 262123
2950 296202
2955 284721
2960 288116
2965 271730
2970 261903
2975 282617
2980 298219
2985 293830
2990 280366
2995 275186
3000 294047
3005 283128
3010 302917
3015 301648
3020 300280
3025 277989
3030 286088
3035 283871
3040 316323
3045 287236
3050 274534
3055 289503
3060 282952
3065 301996
3070 292221
3075 287474
3080 277961
3085 290624
3090 291345
3095 314232
3100 286979
3105 286806
3110 290246
3115 301410
3120 296345
3125 318153
3130 288176
3135 285755
3140 285361
3145 303843
3150 307780
3155 306313
3160 271469
3165 295887
3170 290997
3175 302200
3180 305218
3185 275442
3190 297743
3195 284699
3200 316008
3205 312419
3210 286476
3215 280591
3220 305069
3225 334145
3230 310206
3235 307945
3240 289358
3245 294209
3250 302581
3255 315774
3260 292782
3265 302771
3270 285980
3275 328362
3280 311600
3285 289298
3290 312628
3295 307340
3300 297621
3305 349227
3310 311616
3315 300525
3320 314925
3325 328825
3330 327136
3335 310739
3340 301709
3345 320594
3350 299019
3355 344060
3360 324155
3365 311367
3370 297877
3375 309179
3380 321964
3385 311492
3390 303568
3395 313479
3400 320439
3405 339012
3410 323789
3415 293884
3420 306027
3425 324519
3430 340584
3435 296333
3440 301860
3445 325741
3450 318497
3455 340560
3460 316363
3465 312534
3470 327148
3475 317676
3480 350215
3485 313581
3490 332620
3495 342792
3500 317693
3505 323577
3510 323815
3515 302254
3520 313811
3525 314089
3530 353693
3535 319475
3540 334685
3545 324028
3550 321467
3555 333988
3560 325218
3565 310328
3570 330643
3575 350848
3580 333885
3585 300983
3590 340912
3595 324335
3600 405387
3605 328740
3610 319182
3615 317733
3620 376520
3625 349605
3630 309126
3635 349514
3640 329702
3645 327107
3650 327138
3655 323890
3660 335994
3665 356817
3670 337186
3675 308374
3680 356564
3685 361658
3690 324291
3695 331391
3700 328577
3705 318701
3710 356281
3715 341167
3720 306456
3725 316377
3730 350473
3735 325330
3740 313142
3745 329523
3750 327546
3755 350565
3760 350389
3765 305251
3770 347402
3775 351701
3780 332249
3785 328912
3790 344996
3795 313239
3800 348612
3805 338340
3810 338514
3815 334876
3820 367499
3825 324673
3830 351036
3835 355094
3840 333663
3845 361722
3850 343854
3855 347360
3860 336000
3865 354588
3870 326501
3875 342065
3880 365374
3885 331825
3890 348763
3895 342507
3900 336881
3905 361853
3910 335008
3915 336216
3920 369800
3925 393175
3930 354525
3935 362700
3940 340693
3945 375142
3950 341739
3955 353509
3960 354010
3965 378387
3970 375755
3975 348801
3980 356684
3985 351335
3990 367049
3995 343053
4000 370729
4005 377756
4010 357085
4015 354917
4020 363706
4025 366570
4030 352821
4035 364163
4040 365527
4045 365057
4050 381033
4055 372523
4060 397115
4065 358992
4070 368377
4075 359630
4080 379057
4085 397297
4090 377216
4095 362735
4100 378732
4105 392571
4110 364633
4115 357884
4120 377672
4125 391142
4130 372321
4135 364908
4140 375464
4145 362938
4150 362792
4155 340086
4160 355753
4165 362340
4170 370967
4175 361712
4180 364188
4185 390127
4190 348994
4195 370630
4200 377442
4205 387056
4210 392179
4215 361912
4220 370893
4225 378991
4230 365028
4235 357744
4240 385160
4245 385879
4250 389212
4255 376007
4260 372147
4265 392059
4270 364493
4275 362337
4280 386516
4285 360658
4290 397403
4295 382518
4300 375700
4305 391234
4310 374312
4315 380954
4320 374531
4325 389656
4330 406887
4335 386546
4340 385943
4345 365915
4350 385498
4355 375727
4360 409995
4365 406662
4370 395419
4375 376654
4380 364560
4385 388070
4390 396909
4395 380674
4400 424814
4405 398201
4410 390021
4415 385596
4420 385229
4425 402300
4430 403377
4435 409788
4440 411048
4445 383590
4450 375857
4455 396200
4460 386605
4465 387634
4470 421604
4475 398247
4480 393872
4485 377660
4490 400706
4495 415745
4500 403670
4505 430919
4510 410776
4515 398700
4520 399295
4525 409710
4530 401209
4535 412053
4540 409356
4545 431273
4550 404836
4555 398418
4560 415867
4565 406706
4570 420038
4575 425905
4580 418972
4585 403460
4590 381504
4595 414905
4600 396789
4605 413965
4610 402752
4615 408096
4620 404692
4625 375802
4630 399976
4635 391898
4640 412473
4645 425903
4650 398117
4655 433714
4660 398335
4665 411162
4670 419948
4675 404683
4680 415812
4685 426439
4690 438669
4695 387852
4700 412733
4705 417320
4710 414599
4715 425892
4720 410019
4725 437723
4730 417743
4735 414762
4740 433724
4745 422547
4750 436168
4755 401803
4760 431698
4765 384029
4770 400157
4775 436393
4780 409367
4785 428314
4790 410969
4795 442426
4800 409123
4805 430460
4810 420512
4815 404730
4820 418178
4825 421465
4830 445908
4835 421959
4840 394737
4845 434896
4850 399401
4855 409720
4860 417633
4865 443156
4870 388862
4875 428639
4880 441914
4885 416855
4890 420031
4895 414621
4900 425980
4905 416141
4910 422512
4915 442269
4920 423122
4925 435920
4930 460341
4935 436718
4940 419424
4945 430865
4950 445427
4955 412084
4960 419969
4965 438222
4970 438825
4975 435510
4980 432144
4985 453104
4990 417333
4995 441720
5000 444715
5005 454026
5010 421301
5015 427076
5020 460529
5025 434761
5030 451003
5035 469864
5040 417249
5045 406867
5050 428961
5055 443812
5060 451533
5065 471822
5070 433974
5075 445576
5080 433783
5085 468348
5090 445304
5095 481092
5100 415812
5105 440477
5110 461557
5115 427835
5120 463329
5125 446373
5130 441366
5135 486291
5140 443181
5145 455258
5150 441320
5155 475124
5160 467523
5165 444496
5170 461379
5175 463667
5180 446697
5185 452455
5190 468531
5195 431902
5200 441412
5205 468836
5210 470630
5215 458451
5220 455973
5225 450529
5230 461791
5235 435046
5240 455535
5245 440626
5250 440909
5255 482117
5260 464157
5265 432637
5270 450519
5275 460353
5280 455157
5285 470802
5290 466944
5295 457403
5300 458536
5305 469972
5310 462739
5315 452971
5320 509699
5325 463667
5330 449926
5335 458467
5340 466307
5345 509173
5350 497723
5355 453328
5360 424989
5365 443241
5370 501775
5375 480327
5380 482526
5385 434363
5390 425314
5395 474184
5400 497504
5405 501601
5410 483785
5415 465210
5420 443302
5425 465603
5430 505709
5435 512931
5440 474704
5445 465490
5450 452252
5455 486397
5460 496247
5465 505555
5470 475478
5475 469154
5480 440504
5485 458600
5490 489043
5495 503938
5500 496890
5505 479746
5510 464981
5515 480402
5520 480537
5525 486418
5530 504310
5535 463089
5540 446995
5545 478339
5550 515730
5555 505812
5560 488153
5565 470154
5570 463566
5575 472198
5580 489993
5585 477182
5590 478230
5595 456323
5600 475200
5605 466728
5610 513845
5615 487569
5620 497594
5625 462939
5630 474019
5635 464658
5640 510202
5645 495916
5650 468089
5655 454006
5660 462172
5665 510874
5670 515600
5675 498901
5680 457456
5685 452933
5690 476857
5695 492542
5700 514772
5705 482672
5710 465723
5715 478817
5720 483910
5725 532729
5730 496177
5735 468068
5740 500908
5745 490330
5750 510322
5755 495308
5760 486745
5765 479533
5770 487824
5775 499544
5780 504821
5785 492940
5790 500023
5795 515914
5800 514096
5805 467119
5810 481382
5815 495450
5820 503854
5825 529045
5830 511768
5835 465321
5840 481061
5845 525961
5850 526380
5855 497113
5860 486502
5865 460758
5870 494649
5875 526446
5880 502284
5885 506649
5890 511257
5895 490418
5900 495901
5905 497861
5910 509681
5915 520006
5920 525324
5925 514700
5930 496500
5935 491569
5940 531163
5945 510579
5950 533640
5955 503895
5960 515357
5965 545264
5970 521894
5975 499621
5980 524085
5985 501150
5990 536903
5995 504408
6000 509450
6005 503726
6010 500199
6015 539034
6020 513854
6025 491744
6030 494452
6035 508165
6040 516790
6045 498452
6050 518352
6055 501128
6060 490659
6065 535667
6070 528676
6075 521718
6080 492872
6085 499595
6090 523634
6095 533296
6100 516559
6105 529997
6110 516020
6115 536212
6120 544158
6125 508578
6130 505798
6135 493706
6140 513557
6145 518773
6150 550352
6155 511557
6160 522126
6165 528689
6170 525400
6175 577034
6180 525887
6185 505833
6190 534028
6195 541641
6200 551507
6205 527861
6210 495289
6215 530177
6220 515793
6225 565368
6230 545923
6235 511632
6240 541429
6245 540066
6250 555786
6255 544668
6260 508526
6265 562543
6270 529378
6275 561981
6280 540037
6285 526710
6290 560740
6295 525067
6300 554968
6305 548894
6310 501646
6315 530039
6320 527883
6325 552279
6330 560306
6335 533635
6340 549696
6345 534763
6350 583833
6355 540414
6360 528709
6365 542841
6370 521143
6375 558399
6380 541111
6385 527624
6390 553764
6395 524801
6400 536509
6405 532582
6410 531018
6415 554416
6420 519033
6425 540146
6430 543209
6435 526806
6440 547425
6445 524097
6450 570924
6455 561226
6460 522277
6465 546552
6470 549847
6475 559705
6480 568147
6485 510107
6490 565234
6495 555933
6500 602351
6505 570344
6510 529164
6515 584372
6520 560741
6525 569267
6530 556520
6535 563257
6540 577550
6545 536425
6550 548069
6555 572719
6560 524226
6565 578753
6570 553782
6575 591273
6580 545005
6585 532109
6590 557020
6595 575902
6600 526612
6605 550565
6610 525788
6615 584329
6620 544232
6625 543919
6630 549871
6635 584915
6640 563930
6645 551439
6650 566693
6655 568657
6660 580832
6665 548638
6670 537399
6675 589440
6680 556304
6685 564888
6690 538692
6695 537669
6700 589576
6705 596889
6710 574357
6715 556581
6720 546949
6725 578838
6730 558904
6735 569142
6740 583550
6745 540944
6750 611056
6755 580525
6760 554143
6765 561368
6770 573848
6775 613021
6780 600528
6785 563044
6790 559292
6795 561200
6800 583495
6805 601510
6810 547356
6815 573867
6820 549101
6825 603568
6830 615107
6835 553666
6840 573400
6845 591020
6850 571064
6855 605104
6860 569764
6865 589789
6870 576992
6875 555217
6880 613695
6885 593465
6890 585387
6895 539878
6900 591438
6905 617410
6910 574298
6915 543138
6920 582679
6925 603526
6930 606422
6935 559061
6940 566229
6945 575190
6950 557712
6955 628714
6960 588041
6965 555763
6970 565291
6975 568705
6980 582161
6985 541413
6990 551220
6995 624366
7000 546578
7005 564362
7010 579487
7015 572164
7020 610116
7025 557656
7030 597380
7035 619562
7040 569693
7045 609573
7050 570796
7055 573170
7060 571508
7065 588251
7070 642626
7075 571285
7080 579404
7085 606826
7090 622440
7095 623769
7100 566256
7105 606180
7110 621217
7115 620026
7120 637327
7125 587928
7130 567217
7135 636309
7140 593480
7145 605604
7150 557763
7155 596467
7160 632728
7165 596837
7170 602370
7175 575953
7180 611455
7185 608624
7190 618088
7195 598963
7200 645480
7205 588467
7210 627415
7215 597962
7220 629569
7225 586431
7230 591411
7235 634145
7240 605646
7245 612640
7250 567502
7255 603652
7260 633988
7265 590292
7270 577079
7275 609854
7280 597422
7285 606554
7290 581685
7295 615935
7300 613343
7305 635332
7310 573723
7315 622066
7320 632173
7325 607494
7330 597537
7335 630839
7340 626733
7345 626430
7350 595335
7355 621194
7360 640883
7365 590543
7370 626848
7375 658990
7380 634560
7385 627920
7390 648662
7395 665760
7400 616475
7405 616608
7410 589375
7415 637181
7420 630686
7425 618544
7430 587775
7435 655858
7440 634605
7445 630843
7450 604341
7455 623954
7460 656695
7465 638006
7470 599599
7475 632846
7480 628242
7485 655097
7490 608631
7495 625069
7500 649701
7505 639356
7510 606523
7515 626758
7520 610771
7525 645872
7530 599977
7535 641338
7540 624667
7545 651531
7550 615088
7555 620351
7560 603753
7565 628439
7570 620153
7575 657303
7580 605358
7585 661067
7590 644031
7595 669056
7600 625851
7605 619236
7610 626594
7615 665223
7620 608024
7625 638221
7630 636576
7635 645454
7640 628054
7645 643271
7650 621339
7655 657398
7660 623021
7665 649641
7670 625974
7675 649414
7680 617027
7685 637474
7690 613429
7695 641302
7700 627496
7705 661627
7710 624270
7715 669310
7720 611135
7725 660532
7730 648040
7735 665190
7740 648661
7745 654773
7750 637625
7755 664664
7760 636171
7765 646108
7770 637841
7775 649129
7780 634540
7785 643512
7790 665517
7795 663655
7800 616434
7805 641296
7810 668757
7815 641374
7820 643804
7825 648330
7830 679948
7835 673692
7840 653772
7845 649397
7850 654620
7855 655717
7860 672863
7865 667139
7870 636834
7875 669388
7880 634985
7885 659762
7890 708132
7895 662389
7900 653315
7905 657692
7910 691461
7915 664148
7920 668408
7925 685315
7930 659108
7935 682247
7940 662522
7945 648257
7950 660290
7955 657960
7960 656526
7965 664523
7970 656023
7975 666633
7980 645881
7985 677221
7990 671053
7995 672428
8000 663276
8005 681282
8010 653533
8015 644111
8020 692544
8025 662452
8030 643849
8035 666629
8040 676576
8045 699283
8050 704712
8055 666224
8060 680160
8065 691473
8070 669257
8075 664603
8080 669048
8085 716708
8090 656550
8095 682275
8100 669783
8105 689053
8110 684630
8115 668794
8120 673892
8125 704044
8130 691892
8135 687922
8140 686733
8145 715948
8150 681646
8155 697498
8160 659600
8165 734624
8170 680050
8175 668589
8180 681954
8185 705593
8190 692504
8195 715253
8200 675997
8205 694014
8210 682699
8215 686774
8220 675909
8225 722371
8230 691228
8235 734265
8240 700095
8245 661245
8250 698939
8255 727654
8260 621123
8265 700003
8270 703894
8275 677518
8280 669758
8285 696005
8290 684259
8295 704808
8300 707359
8305 676121
8310 680382
8315 734572
8320 672075
8325 658919
8330 682707
8335 725228
8340 680212
8345 682047
8350 694933
8355 684370
8360 707157
8365 707510
8370 709860
8375 700686
8380 710632
8385 712843
8390 700912
8395 711126
8400 716960
8405 692238
8410 718035
8415 731137
8420 707180
8425 716646
8430 685277
8435 723462
8440 704757
8445 697607
8450 711933
8455 696837
8460 705519
8465 712805
8470 722795
8475 737056
8480 721037
8485 698185
8490 723036
8495 768997
8500 705249
8505 686436
8510 744993
8515 761838
8520 698830
8525 703604
8530 720847
8535 751198
8540 713201
8545 686227
8550 700173
8555 781364
8560 695942
8565 635844
8570 740130
8575 711863
8580 656068
8585 697702
8590 789059
8595 692739
8600 702769
8605 766699
8610 703240
8615 722222
8620 759123
8625 727839
8630 704613
8635 753955
8640 734878
8645 712884
8650 699724
8655 743204
8660 707052
8665 712636
8670 725493
8675 741610
8680 715570
8685 723559
8690 717275
8695 693571
8700 725886
8705 755086
8710 702488
8715 726967
8720 738656
8725 737718
8730 690466
8735 725344
8740 741865
8745 755421
8750 722460
8755 769723
8760 714465
8765 736380
8770 756450
8775 753672
8780 716928
8785 769526
8790 706906
8795 699494
8800 762128
8805 716574
8810 708817
8815 748500
8820 703743
8825 718200
8830 781592
8835 755041
8840 730524
8845 748990
8850 784926
8855 733701
8860 757359
8865 767506
8870 734899
8875 775508
8880 751688
8885 720848
8890 755034
8895 750066
8900 709131
8905 779647
8910 757342
8915 727305
8920 791385
8925 751737
8930 708281
8935 748191
8940 766297
8945 707344
8950 743009
8955 790345
8960 725164
8965 746578
8970 761895
8975 750561
8980 738678
8985 754704
8990 759440
8995 769649
9000 727673
9005 745216
9010 797327
9015 780675
9020 752123
9025 762621
9030 792495
9035 726764
9040 714676
9045 789973
9050 741238
9055 759573
9060 780233
9065 763786
9070 770241
9075 791921
9080 751203
9085 740143
9090 797580
9095 781845
9100 772058
9105 783937
9110 795865
9115 735884
9120 775735
9125 802388
9130 725855
9135 773750
9140 767806
9145 743708
9150 750326
9155 774825
9160 720936
9165 773068
9170 773095
9175 762234
9180 795479
9185 763623
9190 731493
9195 794998
9200 802276
9205 757571
9210 758172
9215 831236
9220 792114
9225 782003
9230 820827
9235 752867
9240 771876
9245 814601
9250 747612
9255 771345
9260 797497
9265 781004
9270 748763
9275 789962
9280 764630
9285 782551
9290 805190
9295 779121
9300 749130
9305 799989
9310 753110
9315 789832
9320 846938
9325 765642
9330 787071
9335 805040
9340 782462
9345 760224
9350 831503
9355 777843
9360 781002
9365 824768
9370 738045
9375 756383
9380 849938
9385 785674
9390 775261
9395 811593
9400 781808
9405 754800
9410 826836
9415 782394
9420 806950
9425 843106
9430 782412
9435 776296
9440 853331
9445 809689
9450 795177
9455 785465
9460 767426
9465 795685
9470 804636
9475 781867
9480 780990
9485 804160
9490 796845
9495 819005
9500 791085
9505 797503
9510 813715
9515 806798
9520 826193
9525 822257
9530 815468
9535 806791
9540 807280
9545 843251
9550 796045
9555 791273
9560 829046
9565 795937
9570 788920
9575 814589
9580 795253
9585 777829
9590 866365
9595 803011
9600 787140
9605 844510
9610 789816
9615 788209
9620 841810
9625 777013
9630 813451
9635 847334
9640 795914
9645 807798
9650 880100
9655 772944
9660 816030
9665 865478
9670 785816
9675 815576
9680 825266
9685 772447
9690 818366
9695 821150
9700 765988
9705 788406
9710 847373
9715 782230
9720 784902
9725 857145
9730 799149
9735 781069
9740 841259
9745 816956
9750 781174
9755 887926
9760 828893
9765 780991
9770 882838
9775 840442
9780 790245
9785 891634
9790 814325
9795 792509
9800 868963
9805 823177
9810 794160
9815 875176
9820 808381
9825 802816
9830 860891
9835 843451
9840 788242
9845 888762
9850 794496
9855 791450
9860 895725
9865 791682
9870 837405
9875 897592
9880 765896
9885 815913
9890 881242
9895 785552
9900 826895
9905 874760
9910 818532
9915 829730
9920 858015
9925 793081
9930 816896
9935 871924
9940 789337
9945 871425
9950 840870
9955 817679
9960 834849
9965 855638
9970 847678
9975 808332
9980 895874
9985 825925
9990 823922
9995 864413
10000 841999
